Default Pack
numPuzzles: 71
Puzzle 1
difficulty 5
0 0 0 0 9 0 0 0 0 0 0 0 0 0 4 0 0 9 9 7 7 0 0 9 0 0 0 9 9 0 0 6 0 6 0 9 1 0 5 0 9 0 1 0 2 0 0 0 9 7 0 9 3 0 9 7 0 0 0 9 0 0 0 0 
Puzzle 2
difficulty 6
0 0 0 9 4 0 0 0 0 9 0 0 0 0 9 9 0 0 0 0 0 0 3 9 2 0 0 0 0 0 0 9 0 0 0 9 8 7 0 0 0 0 0 0 8 0 9 0 5 9 0 9 0 7 9 0 9 0 0 0 8 0 0 0 
Puzzle 3
difficulty 8
0 0 0 0 9 0 0 0 4 0 9 9 1 0 0 0 0 0 9 0 0 5 5 0 2 4 6 1 0 0 4 0 0 9 9 0 7 9 9 9 0 0 0 8 9 0 8 1 0 1 0 3 9 0 6 0 0 0 0 0 0 9 0 0 
Puzzle 4
difficulty 10
9 7 4 0 4 9 0 0 0 0 9 0 0 4 0 0 9 0 0 8 0 0 9 7 9 4 0 0 0 0 0 7 0 0 9 0 3 0 9 0 0 3 0 0 4 1 9 6 4 3 0 0 0 0 9 0 0 9 0 0 8 0 9 0 
Puzzle 5
difficulty 10
9 0 0 7 0 0 9 0 9 3 0 4 0 0 9 8 9 5 0 0 4 4 0 0 0 0 0 0 0 5 9 9 5 0 0 0 0 0 0 0 1 9 0 0 0 0 9 9 9 2 0 0 0 9 0 8 0 0 0 0 0 8 0 0 
Puzzle 6
difficulty 10
0 0 0 0 0 0 9 0 9 7 9 7 0 3 9 0 0 0 0 5 9 7 7 0 0 0 0 6 1 8 0 0 0 0 4 9 0 8 0 0 0 3 9 1 8 0 0 0 9 0 1 8 9 0 9 0 0 8 0 0 9 2 7 9 
Puzzle 7
difficulty 11
0 0 0 0 0 0 9 9 0 9 5 9 9 0 0 7 0 0 2 4 1 9 7 0 0 9 0 2 3 6 9 0 0 0 8 0 8 9 0 6 2 2 0 9 2 0 1 0 0 0 0 0 0 9 0 0 0 0 9 0 0 0 0 0 
Puzzle 8
difficulty 14
0 5 0 9 6 0 0 0 9 0 0 0 6 0 9 0 0 2 0 9 0 0 1 0 0 3 8 0 4 9 0 9 9 0 0 0 0 0 8 0 1 0 9 0 0 0 9 1 9 9 0 8 0 0 7 0 0 0 8 3 0 0 9 0
Puzzle 9
difficulty 14
0 0 0 9 0 9 0 0 0 0 2 0 9 3 6 9 0 5 4 0 3 1 2 9 9 0 7 3 0 4 9 0 0 0 0 0 9 0 9 7 0 0 0 0 0 0 9 0 3 9 0 6 0 7 0 0 2 0 9 0 2 0 0 7 
Puzzle 10
difficulty 14
3 0 3 9 9 0 0 0 9 4 0 2 0 0 5 0 0 0 9 1 7 6 0 0 1 0 1 0 9 9 0 9 0 0 5 0 0 0 5 0 0 0 0 9 0 1 9 8 0 0 5 0 6 0 6 0 0 2 9 9 0 9 7 0 
Puzzle 11
difficulty 16
0 0 0 0 0 0 4 0 0 0 0 0 6 0 0 9 9 4 0 9 0 7 0 0 9 0 9 9 4 0 5 0 0 8 1 9 5 7 0 0 0 0 0 6 9 0 0 0 0 0 9 9 0 3 0 9 0 0 0 0 8 3 9 0 
Puzzle 12
difficulty 17
0 0 0 0 0 0 3 9 0 9 9 9 9 0 9 0 9 0 7 0 3 0 0 9 0 0 0 0 0 0 8 0 1 1 0 4 9 2 9 0 0 0 0 0 0 2 0 0 0 0 0 3 0 0 9 0 0 0 2 0 0 8 9 0 
Puzzle 13
difficulty 17
0 0 0 9 6 7 0 6 9 7 5 0 0 9 0 6 5 4 9 0 5 0 5 9 0 0 0 0 9 1 9 9 5 0 0 0 1 0 0 0 0 0 0 0 0 0 0 0 0 0 3 9 2 7 7 0 9 9 0 0 0 0 9 0 
Puzzle 14
difficulty 17
0 0 0 0 0 0 0 0 0 0 6 0 6 9 0 6 0 0 0 0 0 0 8 0 9 0 0 7 3 0 7 9 9 9 0 0 0 0 9 0 2 0 9 0 6 0 0 6 0 0 9 7 0 3 0 9 2 0 9 0 9 9 2 0 
Puzzle 15
difficulty 17
0 4 9 0 4 0 9 5 5 0 0 9 0 9 0 0 0 9 2 7 6 6 0 0 0 1 3 9 0 0 0 0 2 0 0 0 3 9 0 5 0 0 0 0 0 6 1 0 0 0 1 0 0 9 6 0 9 1 0 9 3 9 0 9 
Puzzle 16
difficulty 18
0 0 0 0 0 0 0 0 0 3 0 0 3 0 9 0 9 0 0 0 0 7 0 0 0 0 5 0 3 9 0 0 9 0 9 9 0 1 9 0 0 0 0 0 0 3 0 9 9 0 2 9 0 0 0 9 0 3 0 9 0 2 2 0 
Puzzle 17
difficulty 18
9 4 0 9 6 6 0 0 9 0 2 9 0 0 0 0 9 7 0 3 0 9 0 9 9 0 0 0 9 0 0 1 1 0 0 0 0 0 6 0 9 0 0 9 0 0 0 0 0 0 0 8 9 0 0 0 0 0 0 1 0 0 0 0 
Puzzle 18
difficulty 18
0 6 0 0 0 9 0 0 9 0 7 3 0 0 9 0 0 9 9 2 9 0 0 9 5 1 0 8 1 0 2 0 9 9 7 0 0 6 7 0 0 0 8 0 9 0 5 8 0 0 1 2 0 1 0 0 0 0 0 8 0 0 9 9 
Puzzle 19
difficulty 19
0 0 9 0 0 0 0 9 9 0 0 7 0 9 0 1 9 9 0 0 6 7 0 7 2 1 0 0 5 8 0 1 0 0 0 9 9 0 0 0 5 5 0 0 1 0 0 9 9 0 0 9 8 1 2 0 0 9 2 0 0 0 8 7 
Puzzle 20
difficulty 19
9 0 9 4 0 9 9 9 4 0 0 0 0 0 1 0 0 3 0 0 0 9 0 1 0 4 0 3 5 0 1 9 0 3 1 0 9 0 7 0 1 9 0 0 0 0 0 0 2 1 8 0 0 9 7 9 0 0 0 0 0 9 7 0 
Puzzle 21
difficulty 20
9 0 9 0 0 6 5 0 0 3 0 0 0 0 9 5 0 0 0 0 0 0 0 0 1 9 5 5 0 0 7 0 2 9 9 0 9 0 0 9 0 0 8 0 0 0 0 0 0 0 2 3 0 9 5 1 0 9 7 9 0 0 9 0 
Puzzle 22
difficulty 20
0 0 0 9 0 0 9 7 0 0 5 0 0 0 0 8 0 0 3 0 2 9 4 9 2 9 0 0 4 9 9 9 0 0 5 2 0 9 8 0 0 6 0 0 4 0 0 0 9 0 0 1 0 9 1 0 1 0 9 0 0 0 0 0 
Puzzle 23
difficulty 20
9 9 4 0 0 0 0 0 0 8 9 0 7 0 6 0 0 0 0 0 0 0 9 7 1 0 0 0 0 9 0 8 5 1 0 3 0 9 0 0 0 0 9 0 0 6 9 7 3 0 9 8 7 2 0 0 9 0 0 9 3 7 0 9 
Puzzle 24
difficulty 20
0 3 0 9 0 0 7 0 0 0 5 6 0 5 0 0 0 9 7 0 3 0 0 9 0 0 8 3 9 0 6 0 9 0 9 0 0 9 9 7 1 0 0 8 0 6 1 8 4 0 0 0 0 0 9 7 9 9 0 9 0 2 0 0 
Puzzle 25
difficulty 21
0 9 0 9 0 4 9 9 5 0 0 1 6 0 9 0 0 0 0 9 0 0 6 8 5 0 0 0 0 0 0 0 9 4 6 0 0 9 0 0 0 9 0 1 0 0 0 0 0 9 6 0 0 1 0 8 0 9 0 7 9 0 0 0 
Puzzle 26
difficulty 21
9 0 9 0 9 0 0 0 9 2 0 0 7 6 0 0 4 9 8 0 7 5 0 0 9 1 0 9 4 9 0 0 0 0 9 7 0 0 0 5 0 1 9 1 0 0 9 0 1 2 0 0 1 1 0 0 0 0 0 0 0 0 0 9 
Puzzle 27
difficulty 21
0 0 0 0 5 9 0 0 0 0 5 5 0 0 9 0 0 5 9 9 6 1 1 0 9 7 1 1 0 4 0 9 5 0 0 2 9 0 0 9 0 0 0 4 5 6 0 9 9 0 2 7 9 2 0 7 0 9 0 0 0 0 0 8 
Puzzle 28
difficulty 21
9 5 9 0 9 0 6 7 1 0 0 2 4 5 9 0 0 4 0 0 0 3 9 0 0 5 1 3 0 9 0 5 0 0 0 3 0 0 0 9 0 0 0 0 9 7 0 0 9 0 7 4 1 1 0 0 9 9 0 0 9 0 0 0 
Puzzle 29
difficulty 22
4 5 0 0 0 0 4 9 9 0 4 6 0 6 0 9 0 6 0 0 9 0 9 1 9 9 0 9 0 0 9 0 0 0 0 5 0 2 0 0 0 0 0 0 8 0 9 8 9 0 0 9 0 0 0 0 0 8 0 1 0 0 0 1 
Puzzle 30
difficulty 24
0 0 9 0 7 9 0 0 5 0 4 0 2 0 0 0 0 3 0 9 0 0 7 0 0 0 1 3 9 8 7 0 9 0 0 7 0 0 0 6 0 3 5 0 3 9 0 0 0 5 9 0 9 9 8 9 0 9 0 0 0 8 2 9 
Puzzle 31
difficulty 24
9 7 0 4 9 4 9 0 0 0 0 0 9 0 0 0 0 9 7 0 0 3 0 9 9 2 0 2 0 0 0 0 0 0 0 8 9 0 1 1 0 0 3 0 9 0 7 0 1 0 9 8 7 9 0 0 0 3 0 3 9 0 7 0 
Puzzle 32
difficulty 26
0 3 0 9 0 0 0 7 0 0 6 0 0 9 7 0 0 9 0 7 2 5 0 0 0 5 0 6 0 3 0 9 0 3 0 9 6 0 0 0 0 0 4 9 4 0 0 0 9 9 0 9 2 9 9 0 0 0 0 3 9 0 7 0 
Puzzle 33
difficulty 27
0 0 9 4 9 0 0 0 9 5 7 0 9 8 9 0 0 9 0 7 0 3 1 9 5 0 0 6 0 9 0 6 0 1 1 0 0 1 5 0 0 0 0 0 3 4 0 9 9 0 0 0 0 0 9 1 0 2 0 9 0 0 0 0 
Puzzle 34
difficulty 28
0 0 0 0 0 0 4 0 0 0 3 0 0 0 4 9 0 4 0 0 0 0 0 9 9 9 9 0 9 0 9 6 2 0 0 4 0 0 3 9 9 0 0 0 0 0 0 0 3 9 0 0 8 9 1 8 0 0 0 9 0 0 0 0 
Puzzle 35
difficulty 28
0 0 9 9 0 0 0 7 9 7 2 0 8 0 9 0 0 0 0 9 7 0 0 8 2 0 9 7 0 0 9 7 0 0 0 0 6 0 0 0 0 9 1 4 2 7 0 0 0 9 9 1 0 9 0 8 0 0 0 0 0 9 0 0 
Puzzle 36
difficulty 28
0 0 0 5 9 0 0 0 0 0 0 5 6 6 6 0 0 0 0 9 7 0 9 0 9 0 7 5 4 0 0 0 0 0 9 0 1 8 0 9 0 0 0 0 0 4 3 9 0 9 1 9 0 3 9 9 0 0 0 0 2 0 9 0 
Puzzle 37
difficulty 28
0 0 0 4 9 0 0 9 0 4 9 9 1 0 9 0 0 5 0 0 0 2 0 0 2 5 9 0 0 0 9 0 2 0 5 8 0 0 0 1 0 0 5 0 0 9 0 9 0 0 0 0 0 0 0 0 0 9 9 7 9 2 0 0 
Puzzle 38
difficulty 29
0 0 0 9 9 9 9 0 0 0 0 0 0 1 0 9 0 4 0 9 0 4 0 0 3 0 9 0 0 4 9 8 0 0 0 4 2 0 0 0 0 0 4 5 8 0 0 9 2 0 0 9 0 9 0 0 0 0 0 0 0 0 3 9 
Puzzle 39
difficulty 31
0 0 0 0 0 0 0 0 0 0 0 0 3 0 9 7 9 0 0 0 6 7 0 8 0 3 0 0 0 0 0 9 4 0 0 9 5 0 0 0 4 0 9 0 8 2 9 1 9 0 0 7 0 3 9 0 0 0 9 9 9 3 9 0 
Puzzle 40
difficulty 32
0 9 0 4 9 9 0 0 0 1 3 0 9 0 0 6 9 0 5 0 9 6 9 0 1 3 9 0 0 2 0 0 2 0 1 0 1 0 0 0 5 0 3 2 0 0 9 8 0 9 7 0 8 0 0 5 9 0 0 0 2 0 0 9 
Puzzle 41
difficulty 32
0 3 0 0 4 0 9 0 3 9 7 0 0 5 9 0 9 0 0 0 9 9 9 0 0 0 0 0 9 8 0 0 0 3 0 0 3 0 9 0 0 0 9 0 0 0 8 6 0 0 1 0 0 1 9 0 0 3 0 0 8 0 9 0 
Puzzle 42
difficulty 35
0 0 0 0 6 0 0 0 0 9 5 0 0 9 9 0 9 0 0 7 0 3 9 0 4 8 5 4 2 2 0 9 9 4 0 3 9 1 0 1 0 1 9 0 0 0 9 0 9 0 8 7 0 0 0 0 1 3 0 0 9 0 7 0 
Puzzle 43
difficulty 36
0 9 7 0 3 6 9 0 0 0 0 0 9 0 3 9 0 0 0 9 7 0 0 6 0 0 0 3 9 0 7 0 0 3 0 1 9 0 1 6 9 1 0 0 7 5 0 0 0 0 0 9 0 9 1 9 0 2 0 0 9 0 7 0 
Puzzle 44
difficulty 36
9 0 3 9 0 0 6 0 9 8 5 0 9 5 0 0 0 0 0 0 9 0 5 5 2 9 0 0 0 5 9 9 4 1 0 3 0 9 0 1 0 0 0 0 0 1 1 8 0 0 9 7 0 6 7 0 1 0 9 0 9 0 0 0 
Puzzle 45
difficulty 37
0 3 0 0 6 9 0 6 0 0 5 0 9 9 0 6 5 5 0 0 1 0 4 8 0 9 0 2 0 7 0 9 9 0 4 0 0 1 2 0 1 0 9 9 4 0 4 1 0 3 8 0 9 9 9 9 0 0 1 2 0 1 0 0 
Puzzle 46
difficulty 39
9 0 0 0 7 0 0 0 9 0 5 0 0 0 9 9 1 8 0 9 9 0 2 6 0 5 2 0 0 0 0 0 5 9 0 0 0 4 7 0 9 0 0 4 8 0 0 0 0 0 0 0 1 0 4 9 0 0 9 7 0 9 0 9 
Puzzle 47
difficulty 39
0 9 7 6 0 0 0 0 0 0 3 6 0 0 9 9 0 0 9 0 0 0 0 0 9 0 9 8 0 0 0 9 0 0 0 0 0 0 0 0 0 1 0 4 0 0 0 0 0 0 0 9 0 0 0 6 2 0 2 9 8 9 9 9 
Puzzle 48
difficulty 42
0 0 0 5 0 0 9 0 0 9 0 0 0 5 5 0 5 1 5 0 3 9 0 0 9 0 0 9 0 6 0 0 1 5 6 0 8 0 0 0 4 9 2 9 0 4 0 0 3 0 4 9 9 0 9 7 0 3 9 9 0 0 0 0 
Puzzle 49
difficulty 42
0 9 0 0 0 9 0 9 0 1 6 9 0 0 8 0 9 9 3 0 3 0 0 9 0 0 4 0 0 0 0 9 2 0 0 9 0 0 0 7 3 0 4 8 9 0 7 0 0 3 0 0 0 0 0 9 0 0 0 0 9 7 0 0 
Puzzle 50
difficulty 42
0 0 0 9 9 0 0 0 0 0 0 6 9 4 0 9 0 2 9 0 0 0 0 9 0 0 0 8 9 0 0 9 0 0 0 5 9 0 0 0 0 3 0 6 2 0 0 9 0 0 0 9 2 0 0 0 0 9 2 0 0 0 0 0 
Puzzle 51
difficulty 46
0 9 0 0 5 7 3 9 9 0 9 0 6 0 0 0 0 2 0 8 9 2 0 0 0 0 8 0 0 0 0 6 0 6 0 9 0 0 9 7 9 9 0 1 4 0 0 0 0 9 0 0 0 9 0 0 2 3 0 1 0 9 0 0 
Puzzle 52
difficulty 46
9 0 0 7 9 6 0 0 0 0 4 0 1 5 0 0 0 0 5 9 9 9 0 9 9 0 0 0 7 8 0 1 0 0 5 0 0 0 0 0 9 0 0 0 0 0 0 0 0 2 0 4 5 0 4 0 1 0 9 0 9 7 9 9 
Puzzle 53
difficulty 48
9 5 3 6 0 9 3 9 0 0 9 9 0 0 9 0 0 5 0 0 9 6 9 1 0 3 0 0 3 1 9 0 0 0 3 9 0 0 8 5 0 5 1 0 2 8 0 0 1 0 0 0 0 0 0 9 0 9 0 0 7 0 0 0 
Puzzle 54
difficulty 52
9 4 0 0 0 9 4 0 0 4 4 0 5 1 0 9 0 0 0 0 5 0 5 0 1 0 0 9 9 0 0 0 9 9 0 0 0 3 9 5 0 0 4 0 0 9 1 9 2 9 7 0 0 0 0 0 0 0 0 0 9 0 0 0 
Puzzle 55
difficulty 52
0 0 0 6 0 0 5 0 0 9 0 0 7 0 0 0 0 9 6 9 4 9 0 9 0 5 0 1 0 9 0 0 9 0 0 2 4 0 9 0 1 9 0 0 0 2 7 0 3 9 0 7 4 8 9 0 0 1 0 0 0 9 0 0 
Puzzle 56
difficulty 52
0 5 4 0 6 4 0 0 4 9 3 9 9 0 0 0 2 5 9 2 0 0 0 9 0 9 6 0 7 0 0 1 0 0 1 0 6 0 3 9 9 0 0 0 9 0 0 0 0 1 4 0 0 0 9 0 1 9 3 9 0 0 0 7 
Puzzle 57
difficulty 54
0 3 0 3 6 0 9 0 9 0 0 9 0 0 9 0 0 0 9 0 5 5 0 8 0 0 8 2 3 9 0 0 2 0 0 0 0 1 0 0 0 9 9 9 0 8 0 9 9 2 7 8 9 0 0 0 1 0 0 2 0 2 0 0 
Puzzle 58
difficulty 56
0 0 4 0 5 0 9 9 3 0 9 0 0 2 2 9 0 0 0 5 0 6 0 0 9 0 9 0 9 9 0 6 0 2 0 8 0 0 9 0 9 2 0 5 1 0 0 6 2 0 0 9 0 7 0 8 0 0 0 0 0 9 0 0 
Puzzle 59
difficulty 58
0 9 6 9 0 0 5 0 5 0 4 4 0 9 9 0 9 0 7 0 0 0 1 0 0 0 0 0 5 6 8 8 0 0 0 0 9 9 0 0 1 9 6 5 7 0 8 9 0 9 0 0 0 0 0 9 2 0 3 9 0 7 0 0 
Puzzle 60
difficulty 60
4 0 9 4 7 9 9 0 0 4 0 4 9 2 0 0 0 9 1 0 0 1 7 0 0 0 3 9 7 0 0 0 0 0 0 0 0 5 9 0 3 9 0 1 8 9 0 9 0 6 0 6 0 0 0 0 9 0 9 8 0 0 0 0 
Puzzle 61
difficulty 61
9 0 0 0 0 0 0 0 9 0 0 5 0 7 0 0 0 5 0 4 9 7 0 0 9 0 0 7 0 0 0 0 1 9 2 3 0 9 9 0 1 0 8 9 0 9 6 8 0 1 0 1 0 9 6 0 9 0 0 0 7 9 0 0 
Puzzle 62
difficulty 62
0 4 5 0 0 6 0 0 9 5 9 9 0 5 0 0 0 9 3 0 0 7 9 0 4 9 7 0 0 8 0 6 3 9 0 3 0 9 8 6 2 0 8 3 0 9 0 5 4 0 0 0 0 0 0 9 3 9 0 0 9 0 2 0 
Puzzle 63
difficulty 62
0 0 4 0 9 0 0 0 5 0 3 9 0 0 7 0 0 9 7 1 1 0 8 0 5 9 0 5 0 7 0 0 9 4 0 0 1 6 3 9 1 0 0 0 0 9 0 9 0 4 4 9 0 0 9 0 0 0 9 9 0 2 0 8 
Puzzle 64
difficulty 62
5 9 5 7 0 0 0 0 0 5 0 0 0 0 0 0 0 0 0 0 0 0 0 9 0 0 6 0 0 9 0 7 9 9 5 9 2 5 9 0 1 4 5 0 2 9 7 0 0 9 0 0 0 0 7 0 3 1 9 9 9 1 0 8 
Puzzle 65
difficulty 63
0 0 9 7 9 4 0 0 5 0 0 0 4 8 9 0 0 0 1 6 5 9 7 0 9 0 7 3 0 0 4 9 0 9 0 0 0 9 7 9 0 0 2 0 6 9 0 0 0 0 0 9 2 6 0 0 0 0 0 0 9 1 0 0 
Puzzle 66
difficulty 70
0 4 9 0 5 0 0 0 0 9 0 0 0 0 0 5 9 0 0 9 8 3 0 9 0 8 2 0 0 9 0 7 0 1 4 0 5 0 0 0 9 0 9 0 3 0 0 9 0 8 9 0 9 0 0 9 0 0 1 8 0 1 0 8 
Puzzle 67
difficulty 79
0 0 3 0 0 0 0 9 3 4 5 9 0 0 7 0 9 0 2 0 0 0 0 5 0 5 0 0 0 6 0 1 0 0 0 0 9 0 0 9 9 5 0 2 0 0 7 0 9 9 9 7 0 6 9 9 0 0 0 0 9 0 2 0 
Puzzle 68
difficulty 86
0 3 9 7 0 6 0 9 0 0 0 6 0 0 2 0 0 6 0 0 3 9 9 9 9 0 7 4 0 1 0 0 9 9 0 0 0 1 9 0 0 0 0 0 2 9 0 7 0 9 1 0 0 0 0 0 2 0 8 0 3 9 0 1 
Puzzle 69
difficulty 89
0 0 0 0 0 9 7 0 9 0 0 7 0 3 0 9 1 0 9 9 0 6 9 5 0 0 0 0 9 0 0 0 0 0 3 0 0 9 0 6 0 0 0 6 2 0 1 0 1 0 0 4 0 9 0 5 3 9 0 0 9 7 8 9 
Puzzle 70
difficulty 90
9 0 0 9 0 0 4 0 1 4 2 4 4 9 0 9 3 9 0 9 0 9 0 0 0 0 2 8 0 0 0 0 9 0 2 0 0 0 0 0 0 1 0 0 0 0 0 9 4 0 0 0 0 0 9 1 9 9 0 0 0 0 0 7 
Puzzle 71
difficulty 91
3 9 7 5 9 0 0 5 0 0 9 9 9 0 9 0 0 0 0 0 8 0 0 0 0 0 0 0 0 4 0 8 0 9 9 0 0 8 0 0 0 1 8 0 0 0 0 9 0 0 0 0 9 0 0 8 9 7 0 2 0 8 3 9 
